1327
9419
8687
9764
9695
2212
9627
1115
4525
7861
1010
3779
6556
6229
2990
1782
2150
4292
8604
5134
7401
2069
8178
6901
1808
2558
6306
7914
2486
2530
6684
8868
2392
2031
5283
7821
3389
1593
3429
1818
4739
9329
2442
9647
4578
3120
5744
1403
1393
8941
1303
9017
9704
7738
9766
4038
9593
1994
4321
9273
2423
7176
3340
5222
2730
4150
3591
2000
8709
4667
7012
6989
8939
8585
8054
6053
9706
7273
5049
8473
7761
1345
9592
8434
4624
3759
2249
4415
3209
2730
5498
1682
5023
4181
8116
4752
8294
9661
1258
6682
5534
4370
